0.000656451	2
0.0348789	1.9997
0.0697152	1.99878
0.104492	1.99726
0.139201	1.99513
0.173829	1.99239
0.208369	1.98904
0.242808	1.98509
0.277138	1.98054
0.311348	1.97538
0.345427	1.96962
0.379365	1.96326
0.413152	1.9563
0.446777	1.94874
0.48023	1.9406
0.5135	1.93186
0.546577	1.92253
0.579451	1.91263
0.612111	1.90214
0.644546	1.89107
0.676747	1.87943
0.708703	1.86722
0.740403	1.85444
0.771838	1.84111
0.802997	1.82721
0.83387	1.81277
0.864447	1.79778
0.894718	1.78225
0.924672	1.76618
0.954301	1.74959
0.983594	1.73247
1.01254	1.71484
1.04113	1.69669
1.06936	1.67804
1.09722	1.65889
1.12469	1.63926
1.15176	1.61914
1.17844	1.59854
1.20471	1.57748
1.23056	1.55596
1.25598	1.53398
1.28096	1.51157
1.3055	1.48872
1.32959	1.46544
1.35322	1.44175
1.37638	1.41765
1.39906	1.39315
1.42126	1.36826
1.44297	1.34299
1.46419	1.31735
1.4849	1.29136
1.5051	1.26501
1.52478	1.23832
1.54394	1.2113
1.56257	1.18397
1.58066	1.15632
1.59822	1.12838
1.61523	1.10015
1.63169	1.07165
1.64759	1.04288
1.66294	1.01386
1.67772	0.984595
1.69193	0.955101
1.70557	0.925388
1.71863	0.895467
1.73112	0.86535
1.74302	0.83505
1.75434	0.804576
1.76507	0.773942
1.77521	0.74316
1.78476	0.71224
1.79371	0.681196
1.80207	0.650039
1.80983	0.618781
1.817	0.587434
1.82357	0.55601
1.82953	0.524521
1.8349	0.492979
1.83967	0.461397
1.84384	0.429786
1.84742	0.398158
1.8504	0.366525
1.85278	0.334899
1.85456	0.303292
1.85575	0.271715
1.85635	0.240181
1.85637	0.208701
1.85579	0.177287
1.85463	0.145949
1.85289	0.114701
1.85057	0.0835525
1.84768	0.0525155
1.84421	0.0216009
1.84018	-0.00918001
1.83558	-0.0398164
1.83043	-0.0702973
1.82471	-0.100612
1.81845	-0.13075
1.81165	-0.160701
1.8043	-0.190454
1.79642	-0.22
1.78801	-0.249327
1.77908	-0.278427
1.76963	-0.30729
1.75967	-0.335906
1.7492	-0.364265
1.73823	-0.392358
1.72678	-0.420177
1.71484	-0.447712
1.70242	-0.474954
1.68953	-0.501896
1.67617	-0.528528
1.66237	-0.554843
1.64811	-0.580833
1.63341	-0.606489
1.61829	-0.631805
1.60273	-0.656773
1.58676	-0.681385
1.57039	-0.705635
1.55361	-0.729516
1.53645	-0.753021
1.5189	-0.776145
1.50098	-0.79888
1.4827	-0.821222
1.46406	-0.843164
1.44507	-0.864701
1.42575	-0.885827
1.4061	-0.906539
1.38612	-0.92683
1.36585	-0.946696
1.34527	-0.966133
1.32439	-0.985136
1.30324	-1.0037
1.28182	-1.02183
1.26013	-1.03951
1.23819	-1.05674
1.21601	-1.07352
1.19359	-1.08985
1.17095	-1.10572
1.1481	-1.12113
1.12504	-1.13609
1.10178	-1.15057
1.07834	-1.1646
1.05472	-1.17815
1.03093	-1.19124
1.00699	-1.20386
0.982898	-1.21601
0.958667	-1.22769
0.934308	-1.2389
0.909829	-1.24964
0.885238	-1.2599
0.860547	-1.26969
0.835763	-1.27901
0.810896	-1.28786
0.785954	-1.29624
0.760948	-1.30415
0.735885	-1.31159
0.710774	-1.31856
0.685625	-1.32506
0.660446	-1.3311
0.635245	-1.33667
0.610031	-1.34178
0.584812	-1.34643
0.559598	-1.35063
0.534394	-1.35436
0.509211	-1.35765
0.484056	-1.36048
0.458937	-1.36286
0.433861	-1.3648
0.408836	-1.36629
0.383871	-1.36734
0.358971	-1.36796
0.334146	-1.36814
0.309401	-1.3679
0.284744	-1.36722
0.260182	-1.36612
0.235722	-1.36461
0.21137	-1.36267
0.187134	-1.36033
0.163019	-1.35757
0.139033	-1.35441
0.115181	-1.35086
0.091469	-1.3469
0.0679039	-1.34256
0.0444913	-1.33783
0.0212368	-1.33271
-0.00185377	-1.32722
-0.024775	-1.32135
-0.0475215	-1.31512
-0.070088	-1.30852
-0.0924692	-1.30156
-0.11466	-1.29425
-0.136656	-1.28659
-0.158452	-1.27858
-0.180044	-1.27023
-0.201426	-1.26155
-0.222595	-1.25253
-0.243545	-1.2432
-0.264274	-1.23354
-0.284777	-1.22356
-0.305049	-1.21328
-0.325088	-1.20269
-0.344888	-1.19181
-0.364448	-1.18063
-0.383762	-1.16916
-0.402828	-1.1574
-0.421642	-1.14537
-0.440202	-1.13307
-0.458504	-1.12049
-0.476544	-1.10766
-0.494321	-1.09456
-0.511831	-1.08122
-0.529072	-1.06762
-0.546041	-1.05379
-0.562735	-1.03971
-0.579152	-1.02541
-0.59529	-1.01088
-0.611147	-0.996132
-0.62672	-0.981166
-0.642007	-0.965989
-0.657006	-0.950608
-0.671715	-0.935026
-0.686133	-0.91925
-0.700257	-0.903284
-0.714087	-0.887134
-0.72762	-0.870805
-0.740855	-0.854302
-0.75379	-0.83763
-0.766424	-0.820794
-0.778756	-0.8038
-0.790784	-0.786652
-0.802508	-0.769356
-0.813925	-0.751917
-0.825036	-0.734339
-0.835839	-0.716629
-0.846333	-0.69879
-0.856518	-0.680828
-0.866392	-0.662749
-0.875954	-0.644556
-0.885205	-0.626256
-0.894143	-0.607852
-0.902768	-0.589351
-0.911079	-0.570756
-0.919076	-0.552074
-0.926759	-0.533309
-0.934127	-0.514465
-0.941179	-0.495549
-0.947916	-0.476564
-0.954338	-0.457516
-0.960443	-0.43841
-0.966233	-0.41925
-0.971707	-0.400042
-0.976864	-0.38079
-0.981706	-0.3615
-0.986232	-0.342175
-0.990443	-0.322822
-0.994338	-0.303445
-0.997918	-0.284048
-1.00118	-0.264637
-1.00413	-0.245217
-1.00677	-0.225793
-1.00909	-0.206369
-1.0111	-0.18695
-1.0128	-0.167541
-1.01419	-0.148148
-1.01526	-0.128774
-1.01603	-0.109425
-1.01648	-0.090106
-1.01663	-0.0708216
-1.01647	-0.0515766
-1.016	-0.0323762
-1.01523	-0.013225
-1.01415	0.00587184
-1.01277	0.0249096
-1.01108	0.0438832
-1.0091	0.0627878
-1.00681	0.0816185
-1.00423	0.10037
-1.00135	0.119038
-0.998178	0.137618
-0.994711	0.156103
-0.990953	0.17449
-0.986904	0.192774
-0.982568	0.210948
-0.977946	0.22901
-0.97304	0.246953
-0.967852	0.264773
-0.962385	0.282464
-0.956641	0.300022
-0.950622	0.317442
-0.94433	0.334719
-0.93777	0.351847
-0.930942	0.368823
-0.92385	0.38564
-0.916497	0.402295
-0.908886	0.418782
-0.90102	0.435097
-0.892902	0.451234
-0.884535	0.467188
-0.875923	0.482956
-0.86707	0.498531
-0.857979	0.51391
-0.848653	0.529087
-0.839098	0.544058
-0.829317	0.558817
-0.819314	0.573361
-0.809093	0.587685
-0.798659	0.601784
-0.787405	0.616438
-0.772385	0.635356
-0.751139	0.661841
-0.724108	0.695857
-0.69255	0.736649
-0.65782	0.783463
-0.621289	0.835461
-0.584256	0.891685
-0.547855	0.951068
-0.512981	1.01249
-0.480253	1.07486
-0.450012	1.1372
-0.422358	1.19867
-0.397204	1.25865
-0.374338	1.31669
-0.353482	1.37252
-0.334328	1.426
-0.316574	1.47709
-0.299942	1.52578
-0.284186	1.57212
-0.269098	1.61616
-0.254506	1.65793
-0.240281	1.69747
-0.226326	1.73477
-0.212582	1.76981
-0.199025	1.80256
-0.185663	1.83296
-0.172539	1.86094
-0.159725	1.88644
-0.147327	1.90937
-0.135474	1.92969
-0.124323	1.94735
-0.114046	1.96235
-0.104828	1.9747
-0.0968519	1.98449
-0.0902879	1.99185
-0.0852763	1.99697
-0.0819084	2.00009
-0.0802061	2.00152
-0.0801016	2.00162
-0.0814189	2.00077
-0.0838604	1.99937
-0.0870005	1.99779
-0.0902888	1.99635
-0.0930629	1.9953
-0.0945698	1.99481
-0.0939924	1.99492
-0.0904776	1.99557
-0.0831594	1.99661
-0.0711745	1.99782
-0.0536669	1.99894
-0.02978	1.99973
0.000656451	2
