5.87664e-006	4
0.0698084	3.99939
0.139592	3.99756
0.209326	3.99452
0.278987	3.99026
0.348549	3.98478
0.417988	3.97808
0.48728	3.97018
0.556402	3.96106
0.625328	3.95074
0.694036	3.93921
0.762501	3.92647
0.8307	3.91254
0.898609	3.89741
0.966204	3.88109
1.03346	3.86359
1.10036	3.8449
1.16687	3.82504
1.23298	3.804
1.29865	3.7818
1.36387	3.75844
1.42861	3.73393
1.49286	3.70828
1.55658	3.68149
1.61975	3.65357
1.68236	3.62453
1.74437	3.59439
1.80577	3.56314
1.86653	3.5308
1.92663	3.49738
1.98606	3.4629
2.04478	3.42736
2.10277	3.39077
2.16002	3.35315
2.2165	3.31451
2.27219	3.27487
2.32707	3.23424
2.38112	3.19263
2.43431	3.15005
2.48664	3.10654
2.53807	3.06209
2.5886	3.01673
2.63819	2.97048
2.68683	2.92334
2.7345	2.87535
2.78119	2.82652
2.82687	2.77687
2.87153	2.72641
2.91515	2.67517
2.95771	2.62318
2.9992	2.57044
3.0396	2.51698
3.0789	2.46283
3.11709	2.408
3.15413	2.35252
3.19004	2.29642
3.22478	2.23971
3.25835	2.18242
3.29074	2.12458
3.32193	2.0662
3.35191	2.00732
3.38068	1.94796
3.40822	1.88814
3.43452	1.8279
3.45958	1.76725
3.48339	1.70623
3.50594	1.64486
3.52722	1.58316
3.54723	1.52117
3.56597	1.45892
3.58342	1.39642
3.59959	1.33371
3.61447	1.27082
3.62807	1.20777
3.64037	1.14459
3.65138	1.08131
3.66109	1.01795
3.66952	0.954551
3.67666	0.891133
3.6825	0.827726
3.68706	0.764356
3.69034	0.701052
3.69234	0.637841
3.69307	0.574751
3.69253	0.511809
3.69073	0.449042
3.68768	0.386476
3.68338	0.32414
3.67784	0.262058
3.67107	0.200257
3.66308	0.138763
3.65388	0.0776012
3.64349	0.0167973
3.63191	-0.0436241
3.61915	-0.103639
3.60523	-0.163222
3.59017	-0.222351
3.57397	-0.281001
3.55665	-0.339151
3.53823	-0.396777
3.51872	-0.453859
3.49813	-0.510373
3.47649	-0.566301
3.45381	-0.62162
3.43011	-0.676312
3.40541	-0.730357
3.37972	-0.783736
3.35307	-0.836432
3.32547	-0.888426
3.29694	-0.939701
3.2675	-0.990242
3.23718	-1.04003
3.20599	-1.08906
3.17396	-1.1373
3.1411	-1.18475
3.10743	-1.23139
3.07299	-1.27721
3.03779	-1.3222
3.00184	-1.36634
2.96519	-1.40963
2.92783	-1.45206
2.88981	-1.49361
2.85114	-1.53428
2.81184	-1.57406
2.77193	-1.61294
2.73145	-1.65091
2.6904	-1.68797
2.64882	-1.72412
2.60672	-1.75934
2.56413	-1.79363
2.52107	-1.827
2.47756	-1.85943
2.43363	-1.89092
2.38929	-1.92148
2.34457	-1.95109
2.29949	-1.97977
2.25407	-2.0075
2.20833	-2.03429
2.1623	-2.06014
2.11598	-2.08506
2.06942	-2.10903
2.02261	-2.13207
1.97559	-2.15418
1.92838	-2.17536
1.88098	-2.19562
1.83343	-2.21495
1.78574	-2.23337
1.73793	-2.25087
1.69001	-2.26747
1.64202	-2.28316
1.59395	-2.29796
1.54583	-2.31187
1.49768	-2.3249
1.44951	-2.33706
1.40134	-2.34834
1.35318	-2.35877
1.30505	-2.36834
1.25696	-2.37706
1.20893	-2.38495
1.16097	-2.39201
1.1131	-2.39825
1.06532	-2.40368
1.01766	-2.40831
0.97012	-2.41214
0.922716	-2.41519
0.875459	-2.41747
0.828361	-2.41897
0.781434	-2.41973
0.734686	-2.41973
0.68813	-2.419
0.641774	-2.41754
0.595629	-2.41536
0.549704	-2.41248
0.504008	-2.40889
0.458549	-2.40462
0.413336	-2.39967
0.368377	-2.39405
0.323681	-2.38776
0.279254	-2.38083
0.235103	-2.37326
0.191237	-2.36505
0.147662	-2.35622
0.104384	-2.34678
0.0614104	-2.33673
0.0187466	-2.32609
-0.0236011	-2.31487
-0.0656268	-2.30307
-0.107325	-2.2907
-0.14869	-2.27777
-0.189716	-2.26429
-0.230399	-2.25026
-0.270733	-2.23571
-0.310714	-2.22063
-0.350336	-2.20503
-0.389595	-2.18892
-0.428485	-2.17232
-0.467004	-2.15522
-0.505145	-2.13763
-0.542905	-2.11957
-0.58028	-2.10104
-0.617264	-2.08204
-0.653855	-2.06259
-0.690047	-2.0427
-0.725836	-2.02236
-0.761219	-2.00159
-0.796191	-1.98039
-0.830748	-1.95878
-0.864885	-1.93675
-0.8986	-1.91431
-0.931888	-1.89148
-0.964745	-1.86825
-0.997166	-1.84464
-1.02915	-1.82065
-1.06069	-1.79629
-1.09178	-1.77156
-1.12242	-1.74647
-1.1526	-1.72103
-1.18233	-1.69524
-1.21159	-1.66911
-1.24038	-1.64264
-1.2687	-1.61585
-1.29654	-1.58873
-1.32391	-1.5613
-1.35079	-1.53355
-1.37718	-1.50551
-1.40308	-1.47716
-1.42848	-1.44853
-1.45338	-1.41961
-1.47778	-1.39041
-1.50166	-1.36094
-1.52504	-1.3312
-1.54789	-1.30121
-1.57023	-1.27096
-1.59204	-1.24046
-1.61332	-1.20972
-1.63407	-1.17875
-1.65428	-1.14755
-1.67395	-1.11614
-1.69308	-1.0845
-1.71166	-1.05266
-1.72968	-1.02062
-1.74716	-0.988384
-1.76407	-0.955961
-1.78042	-0.923357
-1.7962	-0.89058
-1.81142	-0.857636
-1.82606	-0.824533
-1.84013	-0.791277
-1.85363	-0.757874
-1.86654	-0.724333
-1.87887	-0.69066
-1.89061	-0.656863
-1.90176	-0.622947
-1.91233	-0.588921
-1.9223	-0.55479
-1.93167	-0.520563
-1.94045	-0.486245
-1.94864	-0.451845
-1.95622	-0.417367
-1.9632	-0.38282
-1.96958	-0.34821
-1.97535	-0.313543
-1.98052	-0.278826
-1.98508	-0.244065
-1.98904	-0.209266
-1.99239	-0.174435
-1.99513	-0.139578
-1.99726	-0.104701
-1.99878	-0.0698088
-1.9997	-0.0349068
-2	9.7944e-006
-1.99969	0.0350593
-1.99877	0.0705502
-1.99723	0.106859
-1.99505	0.144315
-1.99224	0.183196
-1.98879	0.223731
-1.98473	0.266104
-1.98008	0.310457
-1.97489	0.356892
-1.96923	0.405475
-1.96319	0.456233
-1.95687	0.509159
-1.95038	0.56421
-1.94384	0.621308
-1.93739	0.680343
-1.93116	0.741174
-1.92526	0.803634
-1.91981	0.867534
-1.91489	0.932673
-1.91057	0.998838
-1.90689	1.06582
-1.90387	1.13342
-1.90151	1.20145
-1.89976	1.26973
-1.89858	1.33814
-1.8979	1.40654
-1.89762	1.47484
-1.89765	1.54297
-1.8979	1.61088
-1.89825	1.67853
-1.89859	1.74592
-1.89881	1.81301
-1.89879	1.87981
-1.89844	1.94632
-1.89763	2.01252
-1.89627	2.07841
-1.89426	2.14397
-1.8915	2.20917
-1.88789	2.274
-1.88335	2.33839
-1.8778	2.40232
-1.87117	2.46571
-1.86338	2.5285
-1.85438	2.59061
-1.84412	2.65197
-1.83255	2.71248
-1.81965	2.77206
-1.80539	2.83062
-1.78975	2.88807
-1.77273	2.94431
-1.75433	2.99926
-1.73456	3.05283
-1.71345	3.10497
-1.69101	3.15559
-1.66728	3.20464
-1.64228	3.25208
-1.61604	3.29788
-1.58861	3.34202
-1.56	3.38449
-1.53023	3.42529
-1.49933	3.46445
-1.46729	3.50197
-1.43412	3.53791
-1.39981	3.57229
-1.36432	3.60516
-1.32764	3.63656
-1.2897	3.66654
-1.25047	3.69514
-1.20989	3.72239
-1.1679	3.74833
-1.12443	3.77298
-1.07943	3.79635
-1.03283	3.81847
-0.984594	3.83932
-0.934675	3.85893
-0.883042	3.87726
-0.829676	3.89434
-0.774574	3.91013
-0.717746	3.92465
-0.659218	3.93787
-0.599034	3.94981
-0.537257	3.96045
-0.473967	3.9698
-0.409265	3.97788
-0.343273	3.98468
-0.276138	3.99022
-0.20803	3.99451
-0.139147	3.99756
-0.0697169	3.99939
5.87664e-006	4
