9.26463e-005	4
0.069809	3.99939
0.139595	3.99756
0.209334	3.99452
0.279005	3.99026
0.348582	3.98478
0.418045	3.97809
0.48737	3.97018
0.556533	3.96107
0.625514	3.95074
0.694287	3.93922
0.762832	3.92649
0.831126	3.91256
0.899145	3.89744
0.966868	3.88114
1.03427	3.86364
1.10134	3.84497
1.16803	3.82512
1.23435	3.8041
1.30026	3.78193
1.36573	3.75859
1.43076	3.73411
1.49531	3.70849
1.55936	3.68173
1.6229	3.65385
1.6859	3.62485
1.74835	3.59475
1.81021	3.56354
1.87146	3.53125
1.9321	3.49788
1.99209	3.46345
2.05141	3.42796
2.11005	3.39142
2.16798	3.35385
2.22519	3.31527
2.28164	3.27567
2.33734	3.23508
2.39224	3.19351
2.44634	3.15098
2.49962	3.10749
2.55205	3.06307
2.60362	3.01773
2.65431	2.97148
2.7041	2.92435
2.75298	2.87634
2.80092	2.82748
2.84791	2.77778
2.89393	2.72726
2.93896	2.67594
2.983	2.62384
3.02601	2.57097
3.068	2.51737
3.10894	2.46304
3.14881	2.408
3.18761	2.35229
3.22532	2.29591
3.26192	2.2389
3.29741	2.18126
3.33177	2.12303
3.36499	2.06423
3.39705	2.00487
3.42795	1.94499
3.45768	1.88461
3.48622	1.82374
3.51357	1.76241
3.53971	1.70066
3.56465	1.63849
3.58836	1.57594
3.61085	1.51303
3.6321	1.44979
3.65211	1.38624
3.67088	1.3224
3.68839	1.25831
3.70465	1.19398
3.71965	1.12945
3.73339	1.06474
3.74586	0.999871
3.75707	0.934875
3.76701	0.869777
3.77567	0.804602
3.78307	0.739377
3.78919	0.674128
3.79405	0.608882
3.79764	0.543664
3.79996	0.478501
3.80102	0.413419
3.80082	0.348444
3.79937	0.283602
3.79666	0.218918
3.79271	0.154419
3.78752	0.0901295
3.7811	0.0260757
3.77345	-0.0377174
3.76458	-0.101225
3.7545	-0.164422
3.74322	-0.227283
3.73075	-0.289785
3.7171	-0.351903
3.70227	-0.413614
3.68628	-0.474894
3.66915	-0.535719
3.65087	-0.596066
3.63148	-0.655914
3.61097	-0.715239
3.58936	-0.77402
3.56667	-0.832236
3.54292	-0.889864
3.51811	-0.946885
3.49226	-1.00328
3.46539	-1.05902
3.43751	-1.1141
3.40865	-1.16849
3.37881	-1.22218
3.34802	-1.27514
3.3163	-1.32736
3.28366	-1.37883
3.25012	-1.42952
3.2157	-1.47942
3.18042	-1.52851
3.14431	-1.57678
3.10737	-1.62422
3.06964	-1.67081
3.03112	-1.71653
2.99185	-1.76138
2.95184	-1.80534
2.91111	-1.84839
2.86969	-1.89054
2.8276	-1.93176
2.78486	-1.97206
2.74149	-2.01141
2.69751	-2.0498
2.65294	-2.08724
2.60782	-2.12371
2.56215	-2.15921
2.51597	-2.19373
2.46929	-2.22725
2.42213	-2.25979
2.37453	-2.29132
2.32649	-2.32186
2.27806	-2.35138
2.22923	-2.3799
2.18005	-2.4074
2.13053	-2.43389
2.08069	-2.45936
2.03055	-2.48382
1.98014	-2.50725
1.92948	-2.52967
1.87859	-2.55107
1.82749	-2.57144
1.77621	-2.59081
1.72476	-2.60916
1.67316	-2.62649
1.62144	-2.64282
1.56962	-2.65814
1.51771	-2.67245
1.46574	-2.68577
1.41373	-2.6981
1.36169	-2.70943
1.30964	-2.71978
1.25761	-2.72915
1.20562	-2.73755
1.15367	-2.74499
1.1018	-2.75147
1.05001	-2.75699
0.998321	-2.76157
0.946757	-2.76521
0.895331	-2.76793
0.844061	-2.76973
0.792961	-2.77061
0.742047	-2.7706
0.691336	-2.76969
0.640842	-2.76789
0.59058	-2.76523
0.540564	-2.7617
0.490808	-2.75732
0.441326	-2.75209
0.392131	-2.74603
0.343236	-2.73915
0.294654	-2.73146
0.246397	-2.72297
0.198476	-2.71369
0.150904	-2.70364
0.103691	-2.69281
0.0568489	-2.68124
0.010387	-2.66892
-0.0356842	-2.65587
-0.0813548	-2.64209
-0.126616	-2.62762
-0.171457	-2.61244
-0.215871	-2.59658
-0.259849	-2.58005
-0.303383	-2.56286
-0.346464	-2.54501
-0.389086	-2.52654
-0.431241	-2.50743
-0.472923	-2.48772
-0.514124	-2.4674
-0.554839	-2.4465
-0.595061	-2.42501
-0.634785	-2.40297
-0.674006	-2.38036
-0.712717	-2.35722
-0.750915	-2.33354
-0.788594	-2.30935
-0.825749	-2.28465
-0.862378	-2.25945
-0.898475	-2.23376
-0.934037	-2.2076
-0.969059	-2.18098
-1.00354	-2.15391
-1.03747	-2.1264
-1.07086	-2.09846
-1.1037	-2.07009
-1.13598	-2.04132
-1.1677	-2.01216
-1.19887	-1.9826
-1.22947	-1.95267
-1.25951	-1.92237
-1.28898	-1.89171
-1.31789	-1.86071
-1.34623	-1.82937
-1.374	-1.7977
-1.4012	-1.76572
-1.42782	-1.73343
-1.45387	-1.70084
-1.47934	-1.66797
-1.50423	-1.63481
-1.52855	-1.60139
-1.55229	-1.5677
-1.57545	-1.53377
-1.59803	-1.49959
-1.62002	-1.46518
-1.64144	-1.43055
-1.66227	-1.3957
-1.68251	-1.36064
-1.70218	-1.32538
-1.72126	-1.28994
-1.73975	-1.25431
-1.75766	-1.21852
-1.77498	-1.18256
-1.79172	-1.14644
-1.80787	-1.11018
-1.82343	-1.07377
-1.83841	-1.03724
-1.8528	-1.00058
-1.8666	-0.963813
-1.87982	-0.926937
-1.89244	-0.889963
-1.90448	-0.852899
-1.91593	-0.815753
-1.9268	-0.778533
-1.93707	-0.741248
-1.94676	-0.703905
-1.95586	-0.666512
-1.96437	-0.629077
-1.97229	-0.591608
-1.97962	-0.554113
-1.98637	-0.516601
-1.99253	-0.479078
-1.9981	-0.441554
-2.00309	-0.404036
-2.00749	-0.366532
-2.0113	-0.32905
-2.01453	-0.291598
-2.01717	-0.254184
-2.01923	-0.216816
-2.02071	-0.179503
-2.0216	-0.142251
-2.02191	-0.10507
-2.02163	-0.067968
-2.02078	-0.0309521
-2.01934	0.0059691
-2.01733	0.0427875
-2.01474	0.0794949
-2.01157	0.116083
-2.00783	0.152544
-2.00351	0.18887
-1.99862	0.225051
-1.99316	0.261081
-1.98713	0.296951
-1.98054	0.332652
-1.97337	0.368177
-1.96565	0.403517
-1.95736	0.438664
-1.94851	0.47361
-1.93911	0.508347
-1.92915	0.542866
-1.91864	0.577159
-1.90758	0.611218
-1.89597	0.645036
-1.88382	0.678603
-1.87112	0.711912
-1.85789	0.744956
-1.84413	0.777725
-1.82984	0.810213
-1.81501	0.842411
-1.79967	0.874311
-1.7838	0.905906
-1.76742	0.937188
-1.75053	0.96815
-1.73312	0.998784
-1.71522	1.02908
-1.69681	1.05904
-1.67791	1.08865
-1.65852	1.1179
-1.63864	1.14678
-1.61829	1.1753
-1.59745	1.20344
-1.57614	1.23119
-1.55437	1.25856
-1.53214	1.28553
-1.50944	1.31209
-1.4863	1.33825
-1.46271	1.36399
-1.43868	1.38932
-1.4141	1.41432
-1.38765	1.44032
-1.35612	1.47047
-1.31626	1.50833
-1.26623	1.55681
-1.20604	1.61823
-1.13756	1.6942
-1.06445	1.78512
-0.991485	1.88963
-0.923339	2.00458
-0.863395	2.12564
-0.813098	2.24857
-0.77215	2.37016
-0.73919	2.48863
-0.712468	2.60342
-0.690282	2.71471
-0.671162	2.82299
-0.653899	2.92876
-0.637514	3.03233
-0.621225	3.13377
-0.604407	3.23285
-0.586586	3.3291
-0.567432	3.42182
-0.546772	3.5101
-0.524605	3.59296
-0.50112	3.66931
-0.476716	3.73808
-0.452005	3.7983
-0.42781	3.8492
-0.405119	3.89031
-0.385002	3.92161
-0.368453	3.94363
-0.356178	3.95753
-0.348324	3.96503
-0.34425	3.96827
-0.342411	3.96942
-0.340462	3.97036
-0.335593	3.97228
-0.324999	3.97564
-0.306333	3.98021
-0.278016	3.98534
-0.23937	3.9903
-0.190637	3.9945
-0.132963	3.99757
-0.0684055	3.9994
9.26463e-005	4
